

UK:

					  NO        CA				 4%				14%
d_no.l1    0.215    -0.010     -0.682		-0.695
				  (0.162)   (0.071)             
d_no.l2    0.267    -0.102      0.367    0.353
				  (0.159)   (0.070)             
ca.l1     -0.069     1.072     -3.819   -3.672
				  (0.381)   (0.167)             
ca.l2      0.002    -0.124      4.590    4.413
				  (0.393)   (0.173)
R2				 0.188     0.925


 

 
 








Thailand:
				    NO        CA			  4%				14%
d_no.l1    0.779    -0.078    -0.077		-0.041
				  (0.167)   (0.063)             
d_no.l2   -0.069    -0.130    -0.935    -0.971
				  (0.191)   (0.072)             
ca.l1      0.311     0.553     2.946     3.061
				  (0.425)   (0.160)             
ca.l2     -0.660     0.055    -2.362    -2.455
				  (0.390)   (0.147)
R2				 0.676     0.831












Sweden:

						NO				CA				 4%				14%
d_no.l1    0.507    -0.059     1.616		 1.551
				  (0.174)   (0.119)             
d_no.l2    0.276     0.113    -1.238    -1.207
				  (0.176)   (0.120)             
ca.l1      0.097     0.963    -3.685    -3.592
				  (0.265)   (0.181)             
ca.l2     -0.093    -0.149     3.601     3.510
				  (0.279)   (0.191)
R2				 0.541     0.669





 








US:


						NO				CA					4%			14%
d_no.l1    0.466    -0.124     -0.224		-0.240
				  (0.158)   (0.112)             
d_no.l2    0.284     0.110     -0.094   -0.092
				  (0.156)   (0.110)             
ca.l1     -0.453     1.206      0.199    0.195
				  (0.229)   (0.162)             
ca.l2      0.370    -0.224      0.352    0.345
				  (0.230)   (0.163)
R2				 0.731		 0.964




 





           
canada:
						NO				CA					4%			14%
d_no.l1   -0.086    -0.063 		 -0.194		-0.188
          (0.227)   (0.080)             
d_no.l2   -0.140    -0.076      0.012    0.012
          (0.159)   (0.056)             
ca.l1     -0.341     1.222      0.403    0.406
          (0.621)   (0.220)             
ca.l2      0.055    -0.313     -0.300   -0.302
          (0.656)   (0.232)
R2				 0.1       0.863




 






 







denmark:

						NO				CA					4%			14%
d_no.l1   0.505      0.134  	 -0.461		-0.458
				 (0.202)    (0.163)             
d_no.l2  -0.020     -0.061      0.048    0.048
				 (0.189)    (0.152)             
ca.l1    -0.340      0.786      1.089    1.096
				 (0.226)    (0.181)             
ca.l2     0.403      0.270     -0.750   -0.755
				 (0.238)    (0.191)
R2				0.198      0.946











